每幅图像的标定误差：
第1幅图像的平均误差：0.0350609像素
第2幅图像的平均误差：0.0361942像素
第3幅图像的平均误差：0.0342983像素
第4幅图像的平均误差：0.0315629像素
第5幅图像的平均误差：0.0271845像素
第6幅图像的平均误差：0.0287889像素
第7幅图像的平均误差：0.0348285像素
第8幅图像的平均误差：0.0374822像素
第9幅图像的平均误差：0.0370865像素
第10幅图像的平均误差：0.0348239像素
第11幅图像的平均误差：0.0393779像素
第12幅图像的平均误差：0.0294164像素
第13幅图像的平均误差：0.0335048像素
第14幅图像的平均误差：0.0597942像素
第15幅图像的平均误差：0.0322533像素
第16幅图像的平均误差：0.0328765像素
第17幅图像的平均误差：0.0368929像素
第18幅图像的平均误差：0.0393362像素
第19幅图像的平均误差：0.0359932像素
第20幅图像的平均误差：0.0357381像素
第21幅图像的平均误差：0.0420777像素
第22幅图像的平均误差：0.0385291像素
第23幅图像的平均误差：0.0361551像素
第24幅图像的平均误差：0.0302034像素
第25幅图像的平均误差：0.0352328像素
第26幅图像的平均误差：0.0447561像素
第27幅图像的平均误差：0.036429像素
第28幅图像的平均误差：0.0390106像素
第29幅图像的平均误差：0.0324724像素
第30幅图像的平均误差：0.0328485像素
第31幅图像的平均误差：0.0305066像素
第32幅图像的平均误差：0.0299601像素
第33幅图像的平均误差：0.0361911像素
第34幅图像的平均误差：0.0328226像素
第35幅图像的平均误差：0.0321762像素
第36幅图像的平均误差：0.0328757像素
第37幅图像的平均误差：0.0374489像素
第38幅图像的平均误差：0.0366134像素
第39幅图像的平均误差：0.0451414像素
第40幅图像的平均误差：0.0406306像素
第41幅图像的平均误差：0.0446097像素
总体平均误差：0.0360777像素

相机内参数矩阵：
[913.1838519635979, 0, 642.675229085825;
 0, 766.0147575172565, 365.0250373802296;
 0, 0, 1]

畸变系数：
[-0.4338629777541601, 0.2967710571102112, -0.0004557785585483899, -0.0002240604911029394, -0.1410073068885603]


第1幅图像的旋转向量：
[-83.07444972793627;
 49.81645252135201;
 154.5256949264367]
第1幅图像的旋转矩阵：
[0.9893336085394586, -0.1402182568768501, 0.03946962696442571;
 0.1368690302753705, 0.9875452046413691, 0.07759727663594948;
 -0.04985859570598588, -0.07136742413912694, 0.9962031977493211]
第1幅图像的平移向量：
[2.994852784567291;
 0.04005362624108547;
 0.6059306588221721]

第2幅图像的旋转向量：
[-76.7479207602513;
 52.88779220739504;
 177.8661840107155]
第2幅图像的旋转矩阵：
[0.9725572716032804, 0.2195130777028995, -0.07711265894121244;
 -0.2259829870553046, 0.9700921202791609, -0.08861697204172517;
 0.05535379854305369, 0.1036112295539565, 0.9930763666995466]
第2幅图像的平移向量：
[-3.196782922094615;
 -0.09371839955922073;
 -0.08227083443422743]

第3幅图像的旋转向量：
[-80.49231301473377;
 49.45504762005568;
 186.3688827218728]
第3幅图像的旋转矩阵：
[0.123305781665083, -0.9854299219445807, -0.1171475699460324;
 0.7976956464343298, 0.0282016343023569, 0.6024004676976877;
 -0.5903196929356835, -0.1677275670811861, 0.7895505831631981]
第3幅图像的平移向量：
[-3.172586377620048;
 -0.07774428942089499;
 0.20037844474394]

第4幅图像的旋转向量：
[-62.37035225930136;
 41.95008796150019;
 230.2587153105864]
第4幅图像的旋转矩阵：
[-0.8217080846479536, 0.2066966005308522, -0.5311048285914758;
 -0.3807196037006825, -0.8925509894872401, 0.241671915048778;
 -0.4240853769964095, 0.4007857862927999, 0.8121098118625805]
第4幅图像的平移向量：
[-2.996931759998033;
 -0.04019964401296228;
 0.9007181289014347]

第5幅图像的旋转向量：
[-66.09001520979669;
 30.71929678270875;
 244.3446112314445]
第5幅图像的旋转矩阵：
[-0.7455318472342611, 0.411936652376915, -0.5239183707296118;
 -0.5288027834357799, -0.8440854633793335, 0.08881073551247848;
 -0.4056474836481078, 0.3432607244358091, 0.8471258431129112]
第5幅图像的平移向量：
[-2.871173889598352;
 -0.06929846409638585;
 1.033956160465241]

第6幅图像的旋转向量：
[-76.37371787422877;
 43.28802958019195;
 253.3699225592741]
第6幅图像的旋转矩阵：
[-0.3256653365463366, 0.7809193747311334, -0.5330169028667824;
 -0.9135886065669112, -0.4051025466788606, -0.03532399503780773;
 -0.2435116968921429, 0.4754543688345256, 0.8453669006016687]
第6幅图像的平移向量：
[-2.681448278653737;
 0.009501569612579367;
 0.5716754022532552]

第7幅图像的旋转向量：
[-73.17511335983752;
 39.54476999840411;
 233.7037537287274]
第7幅图像的旋转矩阵：
[-0.8192205984528497, -0.2080299327450446, -0.5344166522037342;
 0.02062692828903749, -0.9419718497403842, 0.3350575534531908;
 -0.5731074427190016, 0.2634626754945967, 0.77597376097476]
第7幅图像的平移向量：
[-2.674625009755786;
 -0.006972487646140051;
 0.2268953280345967]

第8幅图像的旋转向量：
[-41.74645475511279;
 32.99874782250376;
 204.4002451299804]
第8幅图像的旋转矩阵：
[-0.6790476077395206, 0.58908750172395, -0.4380299781246366;
 -0.6970003160358921, -0.7046572499613286, 0.1328484833289572;
 -0.2304016186338562, 0.3955174779824184, 0.8890899947369372]
第8幅图像的平移向量：
[-2.585486349192413;
 0.04886194003069228;
 0.02319248115142299]

第9幅图像的旋转向量：
[-62.1792735015668;
 43.04307222458609;
 196.1568730220087]
第9幅图像的旋转矩阵：
[-0.7950482903040924, -0.3563805830889367, -0.4908065770563074;
 0.1181352547290915, -0.8846691699348315, 0.4510039039264614;
 -0.5949304813796585, 0.3005883227339439, 0.7454558220051416]
第9幅图像的平移向量：
[-2.551200862191394;
 0.006890645619732736;
 -0.2956910196289053]

第10幅图像的旋转向量：
[-63.11742058967864;
 50.37051945219388;
 177.2313312940892]
第10幅图像的旋转矩阵：
[0.9998629780091088, 0.01591021042614264, -0.004570602909050326;
 -0.01593587476217083, 0.9998571391405882, -0.005634643303972778;
 0.004480301588148276, 0.005706707789475524, 0.9999736798455672]
第10幅图像的平移向量：
[-2.546780636627588;
 -0.1766684114351191;
 -0.6066076777665164]

第11幅图像的旋转向量：
[-49.04959499066029;
 27.28041085635713;
 190.1404343759302]
第11幅图像的旋转矩阵：
[-0.8267112322900504, 0.2451632176452623, -0.5064025425679536;
 -0.3776547255641958, -0.9089751073783392, 0.1764685876454185;
 -0.4170436987469038, 0.3371338767913402, 0.8440469788199841]
第11幅图像的平移向量：
[-2.977704932831433;
 -0.1113714994537253;
 -0.694738313420778]

第12幅图像的旋转向量：
[-50.72369098859901;
 33.53837386377396;
 179.7855409106305]
第12幅图像的旋转矩阵：
[0.3240561056461908, -0.945930581379832, -0.01424695068560719;
 0.8771718725212472, 0.2947920498910944, 0.379034501567569;
 -0.3543404386335178, -0.1353254688941434, 0.9252728630072247]
第12幅图像的平移向量：
[2.809935624000591;
 0.1771214649547678;
 0.5922081237020407]

第13幅图像的旋转向量：
[-53.57350308991102;
 44.22772288742794;
 193.152517152757]
第13幅图像的旋转矩阵：
[-0.3854845384533966, 0.7383763343082992, -0.5533552742558898;
 -0.9055939066574887, -0.417737318529232, 0.07345208596653255;
 -0.1769218664783967, 0.5294298080401653, 0.8297003865976891]
第13幅图像的平移向量：
[2.791043810668645;
 0.1876036142454648;
 0.1277286392977186]

第14幅图像的旋转向量：
[-60.78281134803134;
 42.87903200580048;
 216.6247652107222]
第14幅图像的旋转矩阵：
[-0.818724920893878, -0.3730730110726686, -0.4364699672560364;
 0.1786644307632293, -0.8879436021993666, 0.423833906729115;
 -0.5456817067552882, 0.2690217235138929, 0.7936364326253237]
第14幅图像的平移向量：
[2.811813506146536;
 0.1273775986380441;
 -0.2526666208583634]

第15幅图像的旋转向量：
[-50.68167436853223;
 32.27054786081307;
 239.9687852042742]
第15幅图像的旋转矩阵：
[-0.6189220305654191, -0.7474352188883893, -0.2414044607003855;
 0.6571077274493247, -0.6610956668190011, 0.3621628830229904;
 -0.4302847366653417, 0.06552185038905536, 0.9003121306049539]
第15幅图像的平移向量：
[2.74620390001764;
 0.1397288101045163;
 -0.8026016578448519]

第16幅图像的旋转向量：
[-63.04202115116428;
 31.77288901471837;
 196.0723342039968]
第16幅图像的旋转矩阵：
[0.5442136899503732, -0.8388795600002176, -0.01060865139593262;
 0.7926000850466558, 0.5099634152493355, 0.3342490393273669;
 -0.2749846629443776, -0.1903113210533603, 0.942425082552609]
第16幅图像的平移向量：
[2.716575795085788;
 0.2043883243886161;
 -0.6877813430101181]

第17幅图像的旋转向量：
[-81.56117304893856;
 25.17737664186103;
 143.8471412990883]
第17幅图像的旋转矩阵：
[-0.3135635451199964, 0.4673605366596507, -0.8265906072203962;
 -0.7203297366504005, -0.684260760126652, -0.1136322253943003;
 -0.6187107350522899, 0.5597868709822513, 0.5512129220246528]
第17幅图像的平移向量：
[2.761623664983531;
 0.1034381102166274;
 0.1623570124977951]

第18幅图像的旋转向量：
[-68.47591062541998;
 25.24075216229967;
 123.2013137064486]
第18幅图像的旋转矩阵：
[0.4208818693683128, 0.7699503098432307, -0.479619612202574;
 -0.8965259015735073, 0.2725160935280019, -0.3492510366141339;
 -0.1382018807572612, 0.5769848344112264, 0.8049774785760192]
第18幅图像的平移向量：
[2.755527427976786;
 0.1046488422443178;
 0.6314382361198553]

第19幅图像的旋转向量：
[-40.81495846721779;
 33.54218433850584;
 127.8139265111335]
第19幅图像的旋转矩阵：
[0.9976645085035093, -0.06624695807320838, 0.01663938155394796;
 0.06588074150660106, 0.9975921782338678, 0.02166965216950788;
 -0.01803486542760175, -0.02052282808614876, 0.9996267089050566]
第19幅图像的平移向量：
[2.772879139550678;
 0.06663453461774374;
 0.8472713250733931]

第20幅图像的旋转向量：
[-53.98887153624166;
 35.72149461881072;
 188.0150506176805]
第20幅图像的旋转矩阵：
[-0.4818634435297685, 0.6785337034799217, -0.5544363218904902;
 -0.834591799046247, -0.5481676763360345, 0.05448603110065256;
 -0.2669534617763596, 0.4889828339135989, 0.8304406284518135]
第20幅图像的平移向量：
[-2.531798010964579;
 -0.2826954090749108;
 -0.3092460611612486]

第21幅图像的旋转向量：
[-68.54636512175736;
 37.45817192187935;
 182.5158327043081]
第21幅图像的旋转矩阵：
[-0.6034177110263615, 0.4070295268679153, -0.6857215398960333;
 -0.6442153415290471, -0.7556292732433932, 0.1183680495584616;
 -0.4699719776309216, 0.5131777135411691, 0.7181747521086618]
第21幅图像的平移向量：
[-2.55443868362401;
 -0.09015330870370088;
 -0.009019106293850972]

第22幅图像的旋转向量：
[-85.10720685075312;
 28.83976319966187;
 210.4093543934775]
第22幅图像的旋转矩阵：
[-0.6000136461423774, -0.5610373717125865, -0.5702812393764701;
 0.386897466319968, -0.8274554268575499, 0.4069740374018704;
 -0.700209950656315, 0.02354960946221299, 0.7135484853155091]
第22幅图像的平移向量：
[-2.50292394930361;
 0.06545597710139293;
 0.5431943720301415]

第23幅图像的旋转向量：
[-85.33261799420175;
 39.74139000830149;
 217.1432314584964]
第23幅图像的旋转矩阵：
[-0.3032219363581015, 0.7049614862483585, -0.6411596994647657;
 -0.88634803965721, -0.4557203503694246, -0.08189087162186981;
 -0.3499194334515648, 0.543459534064565, 0.763025638446875]
第23幅图像的平移向量：
[-3.033313411774333;
 -0.03090359039905139;
 0.5015726170802489]

第24幅图像的旋转向量：
[-85.5412360200595;
 47.70590464274356;
 207.5568204050435]
第24幅图像的旋转矩阵：
[-0.7097912194371084, -0.001096150611808372, -0.7044112600348029;
 -0.3065765653356549, -0.8998407376256987, 0.3103183147934253;
 -0.6341981034321811, 0.4362171997561246, 0.6383630003688729]
第24幅图像的平移向量：
[3.065240714972282;
 0.07881511501258005;
 -0.3397375996743934]

第25幅图像的旋转向量：
[-101.2236348935629;
 44.7745584103456;
 172.9266599861875]
第25幅图像的旋转矩阵：
[-0.09191112309992844, 0.6001900691819504, -0.7945591395899206;
 -0.9103785194170535, -0.3739355401045416, -0.1771529374036402;
 -0.4034393347636333, 0.7070672476519402, 0.5807689820086697]
第25幅图像的平移向量：
[2.997936337172921;
 0.06665167269141929;
 0.1744736583118611]

第26幅图像的旋转向量：
[-54.67674187454535;
 34.61542404358698;
 142.7199899962283]
第26幅图像的旋转矩阵：
[0.9394054818293306, 0.327109374375508, -0.1025514402856781;
 -0.337744469638258, 0.934372655767657, -0.1134742851154714;
 0.05870275920069753, 0.1412345472940641, 0.9882341770617254]
第26幅图像的平移向量：
[2.967624749178687;
 0.1001644522766394;
 0.5647075561933369]

第27幅图像的旋转向量：
[-54.73847162944772;
 23.90391334959381;
 135.0188129376152]
第27幅图像的旋转矩阵：
[-0.7249956658116039, -0.1329901732843956, -0.6757920526050714;
 -0.1071073670424651, -0.9474753961384148, 0.3013608893628778;
 -0.6803743796466912, 0.290867646055969, 0.6726713283604707]
第27幅图像的平移向量：
[2.672157376772301;
 0.216039678062436;
 0.5516150269130281]

第28幅图像的旋转向量：
[-80.9943320372617;
 11.32766228910838;
 146.2835747940429]
第28幅图像的旋转矩阵：
[-0.1221313387758436, 0.7253404305876783, -0.6774697010521589;
 -0.8209895682067536, -0.4573949125393356, -0.3417104371815727;
 -0.5577275903023877, 0.5144620041733061, 0.6513591799287677]
第28幅图像的平移向量：
[2.663994278194154;
 0.2881931234436947;
 0.1285467675051374]

第29幅图像的旋转向量：
[-79.39630909381657;
 41.9419152940754;
 177.0308725167446]
第29幅图像的旋转矩阵：
[-0.5421448255319281, 0.3344297754062239, -0.770866858459162;
 -0.6447343275791653, -0.7538882761888754, 0.1263729158720623;
 -0.5388846212223881, 0.5655167480691516, 0.6243349843339668]
第29幅图像的平移向量：
[2.678922100258317;
 -0.02598923445256406;
 -0.7089585908784853]

第30幅图像的旋转向量：
[-72.89777532079137;
 50.55440498810202;
 195.6545707074733]
第30幅图像的旋转矩阵：
[0.4370354010541449, -0.8991608583074961, 0.02257895288026349;
 0.7975508974722905, 0.3990094172761411, 0.4524423177224894;
 -0.415827637569446, -0.1797254456460763, 0.8915077902187576]
第30幅图像的平移向量：
[2.79096504660728;
 -0.09501376340390894;
 -0.8887123713093908]

第31幅图像的旋转向量：
[-79.08515401325302;
 51.02459833974466;
 214.946532206652]
第31幅图像的旋转矩阵：
[-0.386897753333048, -0.8707149878615943, -0.3035877770580087;
 0.6413748636389978, -0.4906462005785012, 0.5898343751850497;
 -0.6625318201851867, 0.03349202548465091, 0.7482846192933793]
第31幅图像的平移向量：
[-2.92367788908906;
 0.09131471925890691;
 0.8561004940237371]

第32幅图像的旋转向量：
[-64.97247962780487;
 43.14284320600434;
 241.3791107935739]
第32幅图像的旋转矩阵：
[-0.5835948256438106, -0.7582131736611902, -0.2907401980607362;
 0.6105555468460945, -0.6457563185358225, 0.4584983111054258;
 -0.5353867795316176, 0.0900642013104381, 0.8397913049949235]
第32幅图像的平移向量：
[-2.666516101225927;
 -0.01653418078133199;
 0.6074205645442846]

第33幅图像的旋转向量：
[-70.42767923969397;
 54.22802667844805;
 188.0687844520643]
第33幅图像的旋转矩阵：
[0.8081835410727493, -0.5810992175393876, 0.09572389103156795;
 0.5428550954745377, 0.7980727442330374, 0.2615114533432132;
 -0.2283587293195569, -0.1593850503888631, 0.9604419276854259]
第33幅图像的平移向量：
[-2.873488203845888;
 -0.03758801544353063;
 -0.1327092028844763]

第34幅图像的旋转向量：
[-67.67653221367851;
 70.42799981707259;
 190.7339016891353]
第34幅图像的旋转矩阵：
[0.810730484838955, -0.5678100685741831, 0.142505462978001;
 0.524165657179348, 0.8124702375738535, 0.2552302428992854;
 -0.2607037490841572, -0.1322264689177907, 0.9563209273727086]
第34幅图像的平移向量：
[-2.835967224810038;
 -0.01750262062093418;
 -0.5808093413260037]

第35幅图像的旋转向量：
[-46.05012461951641;
 31.45302380802531;
 165.9959018969409]
第35幅图像的旋转矩阵：
[0.7067544126221456, 0.6757602856669209, -0.2093949296293662;
 -0.7055208316539991, 0.6951318033478144, -0.1379569935764939;
 0.05233121765614895, 0.2452341988585131, 0.9680504281125275]
第35幅图像的平移向量：
[2.897906636577812;
 0.1932795022663495;
 0.7762546107932363]

第36幅图像的旋转向量：
[-71.67519275504992;
 30.65646807392065;
 186.4411004061853]
第36幅图像的旋转矩阵：
[0.5827182320117463, -0.8122301160479158, -0.02686448707669256;
 0.7608635036871852, 0.5336554559806569, 0.3691863798394219;
 -0.2855279160396847, -0.2355718423047764, 0.9289670157089369]
第36幅图像的平移向量：
[2.768197163052097;
 0.09813580624562011;
 0.2424543456690124]

第37幅图像的旋转向量：
[-91.76451129123278;
 33.20100166981136;
 144.4565748728735]
第37幅图像的旋转矩阵：
[0.2561142235965711, 0.7251351747512397, -0.6392061348344638;
 -0.9314507272985616, 0.008318788910086573, -0.36377237438548;
 -0.2584667233639683, 0.6885562984168822, 0.6775582460747824]
第37幅图像的平移向量：
[2.808736779908101;
 0.09725296411199727;
 -0.01256594532783732]

第38幅图像的旋转向量：
[-70.60878040768708;
 38.07176578516577;
 182.2604135832802]
第38幅图像的旋转矩阵：
[-0.1807981340953437, 0.7656115121697985, -0.6173743168781128;
 -0.9487310216017274, -0.3012385939895005, -0.09573274331059109;
 -0.2592710615517758, 0.5684138650000572, 0.7808227678017029]
第38幅图像的平移向量：
[2.875346168565088;
 -0.06332970129740388;
 -0.7764011614251858]

第39幅图像的旋转向量：
[-76.17585255538395;
 42.67261422737612;
 189.2144684441978]
第39幅图像的旋转矩阵：
[0.5695608797317968, -0.8218606737452074, 0.0120597359098561;
 0.7474810277421002, 0.5240056848905912, 0.4082770571168015;
 -0.3418662274117688, -0.223524216033557, 0.9127783999426304]
第39幅图像的平移向量：
[2.940630587479443;
 -0.0419814985032758;
 -0.7602647275443384]

第40幅图像的旋转向量：
[-71.68714249466304;
 35.41841106668622;
 169.1846868291186]
第40幅图像的旋转矩阵：
[0.3191565880933392, 0.8276053506713703, -0.4617450116858188;
 -0.9433223565502458, 0.2306366290147171, -0.2386413145061409;
 -0.09100551581695307, 0.5117383402646768, 0.8543078292945958]
第40幅图像的平移向量：
[-3.031123678267188;
 -0.01131956853636517;
 -0.08465530384007702]

第41幅图像的旋转向量：
[-76.05776092732654;
 47.40490165818366;
 135.1392648872571]
第41幅图像的旋转矩阵：
[0.4978105108762371, 0.6904553374838983, -0.5248391393571328;
 -0.867019276472926, 0.411192375042962, -0.2814221116594996;
 0.02150045314647242, 0.5951405360471794, 0.8033339734307097]
第41幅图像的平移向量：
[-3.084557655938011;
 0.001980306967868531;
 -0.1725192803807632]


